-1.789779351335796687e+00 -1.548078771921291397e+00
-2.968152009485312437e+00 3.975139091663386193e+00
-2.522422568942330745e+00 -5.818875481905829705e-01
-1.843012080096943839e+00 2.215370707576827414e+00
-3.167872472582114352e+00 3.366941312859767166e+00
-3.551609280208591013e+00 3.068167640179720213e+00
-3.766928054409671933e+00 4.521506275670128083e+00
-3.529995235083782212e+00 3.667624039124735447e+00
-3.451897113266976902e+00 1.780077989943794625e+00
-1.558793178673250734e+00 1.003998030186580737e+00
-1.925097740476096497e+00 1.872064644294678670e+00
-4.356681503010611856e+00 2.236410738597153003e+00
-3.273326930493881903e+00 3.747658078849535279e+00
-3.460297968217367348e+00 3.587278810930952133e+00
-3.317460003798338608e+00 8.856759848033578519e-01
-2.867493184282169150e+00 2.505431364453676313e-01
-1.785301018767565973e+00 -2.860416834772399053e-01
-2.618002286241935206e+00 2.338280216945921031e-01
-2.350066992949882305e+00 2.924701039680682069e+00
-2.419716669360228334e+00 -4.397073369560471345e-01
-3.284465562097702129e+00 3.599129147938367801e+00
-2.125272739105961595e+00 1.465615091403671411e+00
-3.801363417416045554e+00 1.833968551828184079e+00
-2.215661188638539780e+00 2.210581564318785830e+00
-3.206885849713802639e+00 1.161858693613984750e+00
-3.387167886505140668e+00 1.340701983767093930e+00
-2.795483707340446156e+00 2.975425359636278522e+00
-2.963815642265123618e+00 7.715718414636634215e-01
-2.636528910796772429e+00 2.205609876675601821e+00
-3.244694712354396771e+00 1.696723766288396051e+00
-2.316247544224127708e+00 -1.906407079110001013e-01
-2.102295662667234666e+00 2.351728630400686360e+00
-4.029434092487090169e+00 2.320919196668516538e+00
-2.509809578153757492e+00 2.341938220112458779e+00
-2.414883147199619717e+00 2.783584966775549119e-01
-4.507421127561547891e+00 2.570547908739062137e+00
-1.989642556393055761e+00 1.938458770978727541e+00
-3.534539785922252708e+00 4.181950911009129968e+00
-3.121760437016722900e+00 1.098602735475779024e+00
-3.611718001864080652e+00 2.107298920870401826e+00
-2.777379151403121860e+00 2.424371796507498011e+00
-4.473414212886332564e+00 5.007691700747903596e+00
-3.353503440941283831e+00 1.246525356140173457e+00
-2.648568196915203732e+00 8.828901266000084291e-01
-3.148301272317362010e+00 3.890627622470918645e+00
-2.163125341691127801e+00 1.929089757842945341e+00
-3.342144367797637461e+00 8.921153840647412236e-01
-3.321245161241739297e+00 8.291345853007384692e-01
-3.908495319895579634e+00 1.873335177880124158e+00
-3.180549883159831115e+00 9.804117587135116052e-01
-2.171863912874642644e+00 -3.612192566357301793e-01
-4.458230218030673875e+00 3.024154260226746160e+00
-2.456805279797637631e+00 1.479168357934976530e-01
-2.937150415263381387e+00 9.856219043951796044e-01
-2.678284497932818642e+00 2.536361347458022664e+00
-2.902828808029883856e+00 3.241163928179345177e+00
-3.341411932134771501e+00 1.283157668845267718e+00
-2.593681946558895390e+00 2.999565983834434846e+00
-2.717778784092935052e+00 2.795746369977291312e+00
-2.871360799707150857e+00 6.210232343398399690e-01
-3.094192185748610324e+00 1.178558899773265445e+00
-4.295727880163292767e+00 2.733281871060230461e+00
-3.879167359735706366e+00 2.121501176333512095e+00
-3.042034864226708102e+00 3.104521754257745236e+00
-2.826532656877565941e+00 3.225360056625373506e+00
-2.261356773575835533e+00 2.343114807390990428e+00
-5.241004524643699369e+00 3.575867239118867502e+00
-4.209223317805049547e+00 2.711526589579763336e+00
-2.495826360345758221e+00 2.290726300144396266e+00
-2.122008422612558398e+00 2.279548820627565142e+00
-2.683926984542079452e+00 2.207465214886675131e+00
-2.759579625352297949e+00 2.996562413655432078e+00
-3.728371477239263765e+00 3.884221608885432886e+00
-4.386998770199018516e+00 2.369493874501918729e+00
-1.813522211984216925e+00 -4.932108284499379103e-01
-3.875591407560087021e+00 4.474070453565598626e+00
-3.838145397815998283e+00 2.260293335389104374e+00
-3.198269211486910457e+00 3.627302065772390005e+00
-2.018931979252521991e+00 -6.067135764393948305e-01
-1.852577336845974365e+00 1.503645118464856267e+00
-3.309514328807492411e+00 1.174549507748249733e+00
-3.011081490288255669e+00 3.031864620534634902e+00
-3.132480874501460288e+00 8.395753545522395278e-01
-3.573223119461989672e+00 2.018548593591649176e+00
-2.529056814366047679e+00 2.572673890987265399e-01
-2.886553135405719228e+00 6.672643329637142351e-01
-2.202246374654429850e+00 1.983005916436102245e+00
-2.450042234561383925e+00 1.879986372529868222e+00
-3.315642361966767648e+00 6.560188384094453040e-01
-2.579750623385374197e+00 6.614393040431261195e-01
-3.301015492964458176e+00 1.570164892401551660e+00
-4.415328992482359993e+00 2.868089794227013378e+00
-3.638360591610426908e+00 3.970566321579449554e+00
-3.472661927556390804e+00 3.505458446265823369e+00
-3.554292333621072775e+00 9.373791216167964846e-01
-2.668388557325794164e+00 2.272736110249732100e+00
-3.485529932766803451e+00 4.641208421417053476e-01
-3.042727813261047132e+00 3.433836747859148275e+00
-2.743234659031047684e+00 2.459913563911850343e+00
-3.688150799914452715e+00 3.828820773242657349e+00
-3.047418240013876289e+00 8.129184125226197599e-01
-2.352876161617419637e+00 2.302687580590495831e+00
-1.974659973031265281e+00 1.874367096505522134e+00
-2.061181245979521126e+00 2.212369870634241842e+00
-1.830158434156156977e+00 -7.659384865918962282e-01
-3.561694636744528797e+00 9.199183691905828963e-01
-2.928818116349344969e+00 3.211617241496249608e+00
-1.654486633856919076e+00 1.088745088577753650e+00
-3.464122740311303073e+00 3.510176051581914702e+00
-2.236569838663789334e+00 2.093788666830080913e+00
-3.360461416081442110e+00 1.358355694307540551e+00
-2.598625207995504560e+00 2.112385017292169043e-02
-3.178493063981608024e+00 3.593258373592918886e+00
-1.758195553455127458e+00 -9.208822044769513493e-01
-3.004645242902777014e+00 4.893596000468556362e-01
-2.107489841450760348e+00 2.412569352978983339e+00
-2.491316597740653727e+00 4.922499444013588299e-01
-2.725112976062654457e+00 2.931576226954241360e+00
-4.398343285985732543e+00 2.348145008680892154e+00
-3.172473001842792684e+00 3.228393377519715557e+00
-1.845640723013445506e+00 -1.642390588992335976e-02
-2.981335959920166534e+00 3.080586700362797359e+00
-1.706892043596742070e+00 -7.604258240841773597e-01
-3.458611314650153368e+00 1.626908779981150799e+00
-3.915909942391527121e+00 4.561466892263561945e+00
-3.342917791882694889e+00 3.577586833705836966e+00
-2.807396980504646589e+00 7.082331186514561061e-01
-2.866552391096430785e+00 2.640406775114127136e+00
-2.882878296032248766e+00 5.045131023970343964e-01
-3.116467544042358373e+00 2.726907895276332816e+00
-3.545840728273498499e+00 1.288822461445577439e+00
-2.015485500137485619e+00 1.608157960599724712e+00
-3.978627590752706222e+00 1.912171327040666835e+00
-3.102543753650801595e+00 3.334461356378873198e+00
-1.547435236709990614e+00 1.216219241119775862e+00
-2.505108327563036141e+00 -3.879004132118730325e-02
-3.319500093473558788e+00 1.063496854165729255e+00
-2.158459969371143483e+00 1.953515309921249665e+00
-2.814656249078450578e+00 3.115051814833818433e+00
-2.435404260512327390e+00 -2.255274132407572296e-01
-2.744367070020826027e+00 5.447243346553978238e-01
-2.246980791592193327e+00 -2.459687331544654632e-01
-3.566013654084530859e+00 1.216899701728905825e+00
-2.470079037616836448e+00 2.320692352280580018e+00
-3.961684492522979273e+00 1.905292198345126309e+00
-4.140750926884281036e+00 2.066243322983196240e+00
-2.940685492478634533e+00 3.068155460791483602e+00
-1.954484416889711751e+00 1.710686014268198329e+00
-3.431979435292841885e+00 1.688493087791443914e+00
-2.966257272532295985e+00 5.494103788800097643e-01
-2.695871673449227846e+00 2.999332909319426310e+00
-3.027350658072895939e+00 3.619767164906812607e+00
-3.908881464968465114e+00 1.572458379799153150e+00
-2.801451675164474686e+00 3.784708035542656002e-01
-2.302543119099230484e+00 1.935015332732945792e+00
-3.221106314844533358e+00 3.059423473541496019e+00
-2.248147255997090532e+00 2.231482257824383808e+00
-2.820692653116028570e+00 3.122118896253904374e+00
-3.404035714008296409e+00 1.569248240445217268e+00
-2.874748118407101760e+00 5.502469378512249154e-01
-1.543864875821717497e+00 1.085999525025778345e+00
-1.939156855079600339e+00 1.410066910079642133e+00
-2.943883259266768970e+00 3.102786594270466658e+00
-1.532601955276727379e+00 -9.694951866618163328e-01
-4.260798336860624147e+00 4.711002382997152793e+00
-2.962819971619321535e+00 3.175068901029101553e+00
-2.758489866108448485e+00 3.258987526285130443e+00
-4.065197994674769610e+00 1.830954462359061008e+00
-3.564427318292466396e+00 9.169624501385009729e-01
-4.307935078003732876e+00 5.011125714771273110e+00
-2.704521811011864951e+00 2.854357233905361113e+00
-2.736580535243387846e+00 2.513184857025667185e+00
-2.907717962542979873e+00 2.855638071748925810e+00
-3.090313170051206981e+00 2.666365179267237817e+00
-2.439251241136283443e+00 2.483532423342451612e+00
-3.929401189239953407e+00 4.180771870853881467e+00
-3.117636573169536796e+00 5.506974872766950968e-01
-3.142103563715856751e+00 3.538006637338057203e+00
-3.082660489008378857e+00 3.525963979521410163e+00
-2.750742750304619566e+00 4.706281976451460181e-01
-4.048984282806661561e+00 1.970941043226104306e+00
-2.806293119205671260e+00 9.022274296190138099e-01
-2.645581838036246136e+00 2.766881413344029816e+00
-2.554600367085720247e+00 6.339907031533504878e-01
-2.641195445914413575e+00 2.509899010366102079e+00
-2.995087160845209873e+00 4.618940612122837130e-01
-4.114741973229322447e+00 2.320202891244098620e+00
-3.666246472613617691e+00 1.598441748221639314e+00
-3.331701895070893205e+00 1.429457297402961347e+00
-3.476055749306802500e+00 1.556347971682683795e+00
-2.472719177183043016e+00 5.242021159968263122e-01
-2.325114404795327161e+00 2.128009422364306236e+00
-2.626155703196023428e+00 3.182619372384056233e-01
-2.038536040102212787e+00 1.126475879502512711e+00
-3.354811554755370295e+00 1.556267525671004792e+00
-3.846795889119091427e+00 3.755437931157673326e+00
-2.995043621169791948e+00 1.151233211537602719e+00
-3.294280446169540966e+00 3.186791468444279296e+00
-1.958023696853597784e+00 -1.141662109665834812e+00
-4.996937206111803143e+00 3.263906048807549531e+00
-2.956525500361412373e+00 1.150744095684563817e+00
-3.399124931675216565e+00 4.240035752918802636e+00
-2.792925778753921673e+00 1.198301796110068818e+00
-3.866219437985273899e+00 2.057339599675158226e+00
-2.968525953992372735e+00 2.906468035875390488e+00
-1.809633360900529286e+00 1.504834946831192122e+00
-2.401042855894432559e+00 2.507295993698293035e+00
-2.734103045226323303e+00 -1.386846230147389114e-01
-3.903509704818582282e+00 3.818334440710167588e+00
-3.134664007048150847e+00 3.326426756957876041e+00
-2.383262140085780079e+00 1.586533257160342991e+00
-2.666034599326969179e+00 -1.281995505536977498e-01
-2.853175017150661574e+00 2.712063072350339166e+00
-2.289130228066432515e+00 -4.246965153034428231e-01
-2.005178174955808856e+00 1.677194914429904316e+00
-3.577261791058450324e+00 1.677829487113391860e+00
-4.645388243193180777e+00 4.947979717104954211e+00
-4.835827842558325429e+00 3.211480471822606209e+00
-2.058232947937707724e+00 -4.648639408820247065e-01
-2.832965698143637301e+00 2.553829462293794705e+00
-2.250342421813585680e+00 -3.775772141173548424e-01
-2.137837155923151489e+00 2.233271823630549768e+00
-3.691347811182723149e+00 1.852499101870708875e+00
-3.053028074165981653e+00 7.906535802708271055e-01
-3.125312525949876630e+00 1.207084417348192718e+00
-3.306755505428270681e+00 3.536739744419393983e+00
-2.619409437814923969e+00 3.236417842669388367e+00
-3.976948858545496179e+00 2.745575479472671887e+00
-3.573593041751314203e+00 1.801126285715434650e+00
-1.806523582646289317e+00 2.371981278935253457e+00
-2.207901675524090113e+00 1.662679166530166119e+00
-1.866063007484746628e+00 1.197648814582193744e+00
-4.974698343119495547e+00 3.341464509871617139e+00
-1.821007381811556192e+00 1.496499435180926652e+00
-3.372333967459930637e+00 3.711412906588525740e+00
-4.230871776450659816e+00 1.552902010072705563e+00
-2.337444905092038283e+00 2.644350983992004966e+00
-2.366561955486539581e+00 2.006554811763323620e+00
-2.690445636544561037e+00 6.784976807366195350e-01
-3.772072589755897543e+00 1.811868035336181126e+00
-4.450780856562071008e+00 2.969224915619832927e+00
-4.278401111959168723e+00 4.989060568231571402e+00
-4.732943309315298386e+00 2.831220886558087013e+00
-1.862771552041487588e+00 1.576722209082472181e+00
-2.461785156555790888e+00 1.984782959185548812e+00
-2.970063692780744002e+00 3.085786416084991490e+00
-1.907038197424522963e+00 2.056632004273009962e+00
-2.901666390284009189e+00 3.752579616399778772e-01
-2.695988382907376746e+00 2.617935239926058699e+00
-2.074325884012007570e+00 7.700383318759747020e-01
-2.485949226793091604e+00 -4.554322551702042615e-02
-1.687923179156489484e+00 -1.532309497527386544e+00
-3.314999482306503875e+00 1.436467524532561990e+00
-1.502814955973657218e+00 1.287102975611930322e+00
-2.743239402779532821e+00 3.034779228198359324e-01
-3.675819894103236951e+00 3.693074815057128646e+00
-2.416590389174364084e+00 2.319666080868449054e+00
-3.370866050569584438e+00 3.097842755619430122e+00
-2.651646769333039888e+00 2.405762737163546383e+00
-3.077637393645461295e+00 3.200463730824819830e+00
-3.673321525760556927e+00 2.010838262389661235e+00
-2.722784951210862836e+00 2.937325066398598916e-01
-2.546558553113605239e+00 2.365875957579794964e-01
-3.263798463246475823e+00 9.731804441365116132e-01
-1.693370336227390860e+00 1.217774256605141270e+00
-2.684112652528928944e+00 8.760062151079750503e-02
-3.530013574326415604e+00 4.096775932003197340e+00
-1.447838496628245153e+00 1.378729856806420795e+00
-2.964226284897084618e+00 2.662288431390363197e+00
-2.870032931800865050e+00 8.355631049049179193e-01
-4.206477019270686846e+00 2.413238098114674379e+00
-1.626005280530548491e+00 1.020245652632871591e+00
-3.680788981084015532e+00 1.573064801713294658e+00
-3.620272466778183595e+00 1.260761598198537392e+00
-2.636808612983788436e+00 8.764228650854926084e-01
-3.326871243019252411e+00 1.017125169745041191e+00
-3.419145751681243794e+00 1.789652221309082636e+00
-4.077971133333796239e+00 4.163650161149516471e+00
-3.391597572271163763e+00 3.478936419407591352e+00
-3.420422091006087406e+00 1.360540978422869030e+00
-3.423315936184594843e+00 1.378176552714616143e+00
-3.882970158777534042e+00 4.119799514531622187e+00
-2.091244523306160286e+00 -9.724952261005250786e-01
-2.020130289960134107e+00 1.735130303801822205e+00
-2.825851880525164894e+00 2.751408044149647569e+00
-2.553909246864979554e+00 -1.842466617808706797e-01
-2.437973657513178960e+00 4.817325401987271882e-01
-3.731512005750338368e+00 1.249492153337736777e+00
-2.331675695522888336e+00 9.541827588087282985e-02
-2.038736017202233075e+00 1.830027202819657361e+00
-2.086936718057878615e+00 -7.135412638701077448e-01
-2.031554200499617657e+00 1.561414156245834572e+00
-2.956151799404424185e+00 3.542581088607903883e+00
-3.403545850531256356e+00 3.810241216320135127e+00
-2.623015762873585732e+00 2.190020787309519434e+00
-2.817463106892258207e+00 2.885743757483364647e+00
-3.204475183655531634e+00 3.193020908893644094e+00
-2.094536547036494500e+00 -3.238396399512352697e-01
-2.411327831758061091e+00 1.382376495817689621e+00
-4.116185279954717835e+00 1.718082535735665273e+00
-2.196980816040358775e+00 -7.538559695194685384e-01
-3.194782850759594339e+00 4.633787818310019513e-01
-2.683615154137897640e+00 6.066555849025211389e-01
-1.900780078666915340e+00 1.875675362413125047e+00
-2.515415012122700578e+00 2.417507551490093665e+00
-3.159607834510036906e+00 8.026990476465990509e-01
-2.816218501435058030e+00 3.146594293184539204e-01
-2.839038299251171793e+00 3.913109929304412482e-01
-2.338332214297101697e+00 2.082646403993106077e+00
-4.099110660645863824e+00 1.911628560408007660e+00
-1.948193687989609568e+00 1.869854092083560015e+00
-1.973200779507199298e+00 2.339851340618638531e+00
-2.190229710821564257e+00 1.745482779086948044e+00
-2.685132047153655499e+00 3.026208212812625309e+00
-3.177642315909485760e+00 2.994750247592761649e+00
-1.843208743777771108e+00 2.119962530776748455e+00
-2.164790664101313045e+00 1.893566905911910903e+00
-3.097270656840299008e+00 8.133398119872915499e-01
-1.591733243431868727e+00 -1.378941116649280874e+00
-3.006824509611519147e+00 2.860512619270975776e+00
-2.923320351941816497e+00 3.504781769235510769e+00
-2.626470662578030968e+00 2.784217599042761115e+00
-3.586456266068515752e+00 3.823231194034199643e+00
-3.039200887098814086e+00 3.943643205106517335e-01
-4.433145644689740372e+00 5.098428782681834193e+00
-3.426716452292421167e+00 9.252678502826540141e-01
-4.338618658247843207e+00 2.943992226706090065e+00
-2.176693799258277995e+00 2.053348192608730027e+00
-2.412670920266370977e+00 2.281933310182423735e+00
-3.165855388652751845e+00 4.254604239085804096e+00
-3.983784175460352461e+00 4.146322781965474213e+00
-3.375116285039541530e+00 3.928726256449086573e+00
-1.885712529548117633e+00 -5.197609303756004495e-01
-3.544652339697209609e+00 1.949478748161342256e+00
-3.079456768418036283e+00 3.553623511037184102e+00
-3.344659145668507971e+00 1.158755417143243927e+00
-1.950508729204328384e+00 2.126483802015444180e+00
-2.916925054818309437e+00 2.354778840884948821e+00
-2.989446422515163349e+00 9.146094446308686843e-01
-2.197319994762753748e+00 2.231127459834404636e+00
-2.066753418770018946e+00 4.372477622973472977e-01
-3.800209096222327165e+00 1.947654687154361852e+00
-2.926395350877244894e+00 6.395310049459224100e-01
-3.032127230157058317e+00 3.184313008186557603e+00
-3.897286473143966923e+00 1.971079049645004799e+00
-3.134824223221713613e+00 4.845482316672271583e-01
-3.574030989477294806e+00 3.213908998259920935e+00
-3.469812480924615805e+00 3.530632894017323942e+00
-1.618771989580489512e+00 -1.288567044096045944e+00
-2.480006227256410067e+00 3.599671911271497549e-01
-2.171979064564543815e+00 1.606075503560546069e+00
-3.501636992855115871e+00 1.860219415089117811e+00
-3.731036994385239058e+00 3.416455686374633149e+00
-2.938374167590582786e+00 3.517652615460745480e+00
-2.670674992413995419e+00 2.737275602539493313e+00
-1.781600529752694451e+00 1.748568323632416321e+00
-3.655743042510887886e+00 1.960808182659770527e+00
-2.741401157258001486e+00 2.519016690736591624e+00
-2.495336523366613601e+00 4.860241700938620624e-01
-3.476229459862987703e+00 1.694068885318389617e+00
-3.678624452489102747e+00 1.744481113262192018e+00
-2.404733618383658733e+00 2.753670644442272608e-01
-1.366803544577521290e+00 1.438960823759600993e+00
-2.497731885207553404e+00 2.524547928343276126e+00
-4.556947721274767105e+00 2.681036405881047191e+00
-4.074340632052983580e+00 4.275140952217358681e+00
-3.553137663976022154e+00 1.132288109413633226e+00
-4.392047036578103913e+00 2.985116397805107180e+00
-5.700802347478338916e+00 4.472004086725517524e+00
-3.307018944519101389e+00 2.930890569112039490e+00
-2.818216996294159227e+00 6.014760023258979293e-01
-3.225120999334690097e+00 6.146480220128310856e-01
-1.623602100512271162e+00 1.466362188233533814e+00
-3.341120784024643964e+00 9.415736568206809487e-01
-2.168958139631928184e+00 2.510655118473493985e+00
-2.966506925281430451e+00 1.099837432817335703e+00
-3.352838041723711360e+00 8.073136783453128684e-01
-3.475636073894314837e+00 4.051270322274496571e+00
-2.730593585656797995e+00 2.651058368561630907e+00
-2.714836788509435994e+00 2.964905931197391098e+00
-2.682915226541795484e+00 1.312406448963680528e-01
-4.423811232100939961e+00 2.757467941798410038e+00
-3.476748190620977397e+00 1.513078122469090347e+00
-3.413202436317068322e+00 9.798943910004063174e-01
-3.504434364694365200e+00 1.403038272289008903e+00
-2.938992738463158449e+00 3.112027088234972538e+00
-1.906842170058127506e+00 1.825223145697596916e+00
-3.756283648450542856e+00 1.331810762978204554e+00
-1.578906253921797509e+00 -1.233227644572797654e+00
-2.395971586202018333e+00 2.624089749302181751e+00
-3.309405458515415788e+00 3.847541880832978656e+00
-2.925688337814386752e+00 7.966296835948667443e-01
-2.991505842581040131e+00 3.360687200794478802e+00
-3.327274895055614135e+00 1.391879417840489630e+00
-3.781114336681616894e+00 2.577598932696867795e+00
-4.052103926478237916e+00 2.369251693449155205e+00
-2.777121979582180877e+00 2.615258592919549763e+00
-4.811055165674474665e+00 3.037797600373954410e+00
-2.170956486010244824e+00 2.036549920998707464e+00
-3.299996468225292023e+00 9.298854729340999548e-01
